20
0.00 1.56 0.56 0.67 1.11 1.41 0.86 1.05 1.16 0.88 1.25 0.28 1.20 0.94 1.07 0.48 0.99 0.85 1.46 1.26
1.56 0.00 0.83 0.79 0.76 0.81 1.53 0.96 0.99 1.08 1.28 1.29 0.80 1.08 0.97 1.78 1.71 1.03 0.30 0.26
0.56 0.83 0.00 0.44 0.79 1.00 0.82 1.05 1.19 1.13 1.51 0.86 0.76 0.85 1.22 0.75 1.28 0.69 0.79 0.97
0.67 0.79 0.44 0.00 0.63 1.34 1.04 0.40 1.10 1.55 1.74 0.82 0.52 0.40 0.74 1.00 1.55 0.65 0.87 0.80
1.11 0.76 0.79 0.63 0.00 1.21 0.89 1.13 1.14 1.25 1.61 1.46 0.79 0.84 0.76 1.07 1.25 1.00 1.03 1.01
1.41 0.81 1.00 1.34 1.21 0.00 0.86 1.01 0.71 1.19 0.38 1.57 1.07 0.88 1.20 1.08 0.70 1.24 0.27 1.22
0.86 1.53 0.82 1.04 0.89 0.86 0.00 1.22 0.92 1.37 0.94 1.31 0.88 0.76 1.30 0.62 0.24 0.64 1.12 1.83
1.05 0.96 1.05 0.40 1.13 1.01 1.22 0.00 1.07 1.40 1.18 0.92 0.43 0.24 0.76 0.88 1.33 0.82 0.86 0.89
1.16 0.99 1.19 1.10 1.14 0.71 0.92 1.07 0.00 1.61 0.49 1.00 1.65 1.01 0.40 1.27 0.79 1.70 0.60 0.84
0.88 1.08 1.13 1.55 1.25 1.19 1.37 1.40 1.61 0.00 0.95 0.72 1.07 1.57 1.49 0.83 1.07 0.92 1.45 0.91
1.25 1.28 1.51 1.74 1.61 0.38 0.94 1.18 0.49 0.95 0.00 1.14 1.57 1.30 0.91 0.97 0.39 1.51 0.84 1.20
0.28 1.29 0.86 0.82 1.46 1.57 1.31 0.92 1.00 0.72 1.14 0.00 1.28 1.09 0.95 0.81 1.28 1.06 1.40 0.74
1.20 0.80 0.76 0.52 0.79 1.07 0.88 0.43 1.65 1.07 1.57 1.28 0.00 0.39 1.41 0.87 1.26 0.28 0.94 1.13
0.94 1.08 0.85 0.40 0.84 0.88 0.76 0.24 1.01 1.57 1.30 1.09 0.39 0.00 1.03 0.75 1.13 0.79 0.77 1.30
1.07 0.97 1.22 0.74 0.76 1.20 1.30 0.76 0.40 1.49 0.91 0.95 1.41 1.03 0.00 1.14 1.16 1.60 1.03 0.59
0.48 1.78 0.75 1.00 1.07 1.08 0.62 0.88 1.27 0.83 0.97 0.81 0.87 0.75 1.14 0.00 0.58 0.92 1.57 1.61
0.99 1.71 1.28 1.55 1.25 0.70 0.24 1.33 0.79 1.07 0.39 1.28 1.26 1.13 1.16 0.58 0.00 0.98 1.26 1.79
0.85 1.03 0.69 0.65 1.00 1.24 0.64 0.82 1.70 0.92 1.51 1.06 0.28 0.79 1.60 0.92 0.98 0.00 1.16 1.30
1.46 0.30 0.79 0.87 1.03 0.27 1.12 0.86 0.60 1.45 0.84 1.40 0.94 0.77 1.03 1.57 1.26 1.16 0.00 0.71
1.26 0.26 0.97 0.80 1.01 1.22 1.83 0.89 0.84 0.91 1.20 0.74 1.13 1.30 0.59 1.61 1.79 1.30 0.71 0.00
